2.555186470980350295e-04
7.400396859164799258e-03
1.717992411399617281e-02
2.679875725560721539e-02
3.435364087131391464e-02
5.021254687155172342e-02
5.409305624502165621e-02
5.658238694020759074e-02
6.130581804111053662e-02
6.438407843855085966e-02
6.697857696615780454e-02
7.096191051522524051e-02
7.279434578963103752e-02
7.168374922360129520e-02
7.136077818192280986e-02
7.000344529107146996e-02
6.814641481786663790e-02
6.492365620084551703e-02
6.307471617579477052e-02
5.730448508442755745e-02
5.870561727113575434e-02
5.731516418170332777e-02
6.006387747331513871e-02
5.574671448758668213e-02
5.947500332951033419e-02
6.218077944885987141e-02
6.683044853643529959e-02
6.856281265554041437e-02
7.745805940176520021e-02
8.343557931512243786e-02
8.521373553145933366e-02
8.921204253558386033e-02
9.337919357346373406e-02
9.536761602289227369e-02
9.733101274490613131e-02
9.846728651155747802e-02
9.929313966433632455e-02
9.727322449652231473e-02
9.568034456021995426e-02
9.190326965324061015e-02
8.806911756673600766e-02
8.616267040548596101e-02
8.134965706829230814e-02
8.216485782761909218e-02
8.002828266993905482e-02
8.076250886120578398e-02
7.719975090967937104e-02
8.141595650498159586e-02
8.372826181318686334e-02
8.977608571743798949e-02
9.136886048639322744e-02
9.747386106344542445e-02
9.836610128982262169e-02
9.672818580189318505e-02
9.639364015561455168e-02
9.721562809203200539e-02
9.752341375436854309e-02
9.856309617287326019e-02
9.852571880299167140e-02
9.622793334532353526e-02
9.289207018521973558e-02
8.914935180284846994e-02
8.063293553315648010e-02
7.290114395835599337e-02
7.041928282866449784e-02
6.525425669399381734e-02
6.502412521996663031e-02
6.221757812321127012e-02
6.637591590155289545e-02
6.621633887951808295e-02
6.885696440769548121e-02
7.084347667737525556e-02
7.686622730553935301e-02
7.851444685993311245e-02
8.337032286751894228e-02
8.696071881366190803e-02
8.591664547360156057e-02
8.399139864971102987e-02
8.513847453076094085e-02
8.315548234623068580e-02
8.035247789075775082e-02
7.879695133359027048e-02
7.673545654013139150e-02
7.236474517792128303e-02
6.922516391476578324e-02
6.283767774433776654e-02
5.393755342935394048e-02
5.059822449731403438e-02
4.462506312223751825e-02
4.480122305773898833e-02
4.408546250345610207e-02
5.042526046770302167e-02
5.774694699050615665e-02
6.482050580229517522e-02
6.916877706252974600e-02
8.076891329057482583e-02
8.922222997179818371e-02
9.411870903788489839e-02
9.842551387178828659e-02
1.005184821796376859e-01
1.010925147119552669e-01
1.011590035546865440e-01
1.014182602490328738e-01
1.016247544958492066e-01
1.012892221540470511e-01
9.958827010618546971e-02
9.707546550487514136e-02
9.586864129676175850e-02
9.206220553802871298e-02
8.599015928959290178e-02
9.027273567512711372e-02
8.979828310859755414e-02
9.011106435977110640e-02
8.776977298996688215e-02
9.287035917690675269e-02
9.115613365955016478e-02
9.253830548651212351e-02
9.414232958435567178e-02
9.918382083571536389e-02
1.073591841138087505e-01
1.123060777251525255e-01
1.158748321409890786e-01
1.166626545267402254e-01
1.178711945740383710e-01
1.179570633815765768e-01
1.172973813524542802e-01
1.155630092251482000e-01
1.137272140243447416e-01
1.130486975357207075e-01
1.067844485034691732e-01
1.027411457512884402e-01
1.010940278981551504e-01
9.312006022288009388e-02
9.389777211884833830e-02
9.443740541329395666e-02
9.492380799326281815e-02
9.169066565767088062e-02
9.762005340823437516e-02
9.841766378122529524e-02
9.977330892260719009e-02
1.006276250616195550e-01
1.068442679370507353e-01
1.089365375672287084e-01
1.089359634599003923e-01
1.082079516307015987e-01
1.061140247602952724e-01
1.019719729559904753e-01
9.894564468003705371e-02
9.601700115239411581e-02
9.082304723939424451e-02
8.857894293188847690e-02
8.791411929840768635e-02
8.484043497469648254e-02
7.929133679914590616e-02
7.650303103001956928e-02
6.892338177297270552e-02
6.973144476763015742e-02
6.978261780095011690e-02
7.614871202007857109e-02
7.822285966878314567e-02
8.436645480743315550e-02
8.813991246941133006e-02
9.119201893076521459e-02
9.139034249715551061e-02
9.478278054553568310e-02
9.684848162895103030e-02
9.619458353758805758e-02
9.518137009217091105e-02
9.419682489311323459e-02
9.151881575400205859e-02
8.845913979465014343e-02
8.631909154166708675e-02
8.357458863577552077e-02
8.034354264621529351e-02
7.908868987339168211e-02
7.258895032234743971e-02
6.411569208139146492e-02
6.246663989284187424e-02
5.638634017631116019e-02
5.775507619028964063e-02
5.870292412331576393e-02
6.598938996726752548e-02
6.932533802019480440e-02
7.544573953617045303e-02
8.042747276433021009e-02
8.867951153186834357e-02
9.437988909214610478e-02
1.021618759441335067e-01
1.075024547111856493e-01
1.082632035172261253e-01
1.072701178526773436e-01
1.054838051823196038e-01
1.019898909595409880e-01
9.637168416675964688e-02
9.189330150839317146e-02
8.702578185606223149e-02
8.100085273127767549e-02
7.853387790602921192e-02
7.688813052901873057e-02
7.097365775606387372e-02
7.487108048926725823e-02
7.259735902646329009e-02
7.205086697608202584e-02
6.799249208863540617e-02
7.103295871550596718e-02
7.195306930331304973e-02
7.434213643479606337e-02
7.871548366462319257e-02
8.785755094755598460e-02
9.272912972855681946e-02
9.462341962649781224e-02
9.757606879183275406e-02
9.744660662759684067e-02
9.715160727402716301e-02
9.759177255872003576e-02
9.705672806230711269e-02
9.385255944574659448e-02
9.080891372675797824e-02
8.891966259589839661e-02
8.389007990710053986e-02
7.959733336753033184e-02
7.435490141459982771e-02
6.726643337554996660e-02
6.902913998274329277e-02
6.921752110259099533e-02
7.284329977187614658e-02
7.249429965066850334e-02
7.859341979562478597e-02
8.118653896549991866e-02
8.279870798882285610e-02
8.258648978866026114e-02
8.828611704293586049e-02
9.148867001942173616e-02
9.187275190120594570e-02
9.350477535092087400e-02
9.431562633662458894e-02
9.005002383723036130e-02
8.722446162447339280e-02
8.413671648218255805e-02
8.087647235676385937e-02
7.763141791693906058e-02
7.592850204790543844e-02
7.315285096468655823e-02
7.244492185898071535e-02
7.035379929390921105e-02
6.338955034319890269e-02
6.568859752251896000e-02
6.332983647232061364e-02
6.501529253619464654e-02
6.590019980106216757e-02
7.432383849035481549e-02
7.991851214634992928e-02
8.559359259439988654e-02
8.922979914233777898e-02
9.479150806228489601e-02
9.628290333549467672e-02
9.386068382538298449e-02
8.861457022454824473e-02
8.635779610140562057e-02
8.403282736025505240e-02
8.025364933981446458e-02
7.706402042274007602e-02
7.296088040903299377e-02
6.935207466388071396e-02
6.699316258278625869e-02
6.046624086162038364e-02
5.680672256300205170e-02
5.719144483188560307e-02
5.116777703033524582e-02
5.670317992134308455e-02
5.989015836749276428e-02
6.476104502253114681e-02
6.759789764068097062e-02
7.487014253301681188e-02
7.981838681136219082e-02
8.483520146008395602e-02
8.939865732692654776e-02
9.612577400625160751e-02
9.897185305601130523e-02
9.925452213116117695e-02
9.893041776181299429e-02
9.864683084337283470e-02
9.595987759582078058e-02
9.207356529830533487e-02
8.819970433934579135e-02
8.331766483822827807e-02
7.822253834782784410e-02
7.767752455481372054e-02
7.556507404466819566e-02
7.326777384840021945e-02
7.955159929866795210e-02
7.655526955519660615e-02
7.871436074168285113e-02
7.837304540255589369e-02
8.043478751013080630e-02
8.153278428376382891e-02
8.677500695142456588e-02
9.278902306700674563e-02
1.011503476524705653e-01
1.091475752324776866e-01
1.144357082429744432e-01
1.175350464981989723e-01
1.169203378712566077e-01
1.149737044366290206e-01
1.141180244022921980e-01
1.137440149224904773e-01
1.127144482937954828e-01
1.115268923013137681e-01
1.101979921876202057e-01
1.061522157980674674e-01
1.050525367360550799e-01
9.984874342633501265e-02
9.471813936493179986e-02
9.854473895136191264e-02
9.920053140887524767e-02
1.035293283736945513e-01
1.065093913771160417e-01
1.135333825125433016e-01
1.124208605856622523e-01
1.139254196884100234e-01
1.133398310247255292e-01
1.144523679997213050e-01
1.174289318581852593e-01
1.195434182480947377e-01
1.172604078713159192e-01
1.139959173049688718e-01
1.093256046357476002e-01
1.071299315885181624e-01
1.040510298315563686e-01
1.022810958944634918e-01
1.010029099035624628e-01
1.015043260900288236e-01
9.567030353285999045e-02
9.489087292113199124e-02
9.226494557713385558e-02
8.448133323609652301e-02
8.673088578280022110e-02
8.679851465370511110e-02
8.834716574429117564e-02
8.974258153682804218e-02
9.779859217023283147e-02
9.901499866996786581e-02
1.007562653688537091e-01
1.034573459094198511e-01
1.086313554830725392e-01
1.093371581658765940e-01
1.081484002548954854e-01
1.043322809943167950e-01
9.866222178521275032e-02
9.330847819611318150e-02
8.925730983910655503e-02
8.553251693115694609e-02
8.008995490871277656e-02
7.739224400532346282e-02
7.744718945606676730e-02
7.594460086079371508e-02
7.481963797207363820e-02
7.732336225807245889e-02
7.451743600175320115e-02
7.907808935902953251e-02
8.221102638159771825e-02
8.751813235054521634e-02
8.952022483029084543e-02
9.786475367338587361e-02
1.053533200207327492e-01
1.077035416961341086e-01
1.106632477117726610e-01
1.166156493117467136e-01
1.217547997915883751e-01
1.212531518023119148e-01
1.211007451825361347e-01
1.196636317636594199e-01
1.156594701344779985e-01
1.108123302871959065e-01
1.081653001647680801e-01
1.054716582609861036e-01
1.025143977453979310e-01
1.042348677390989853e-01
1.029340176071129320e-01
1.029703340087722990e-01
1.059153676643356801e-01
1.044042566479866929e-01
1.091258443475087575e-01
1.100728726858754558e-01
1.141687120046655096e-01
1.176119464016470023e-01
1.244534350497192160e-01
1.285648124107582058e-01
1.320686638911743316e-01
1.350632992732027915e-01
1.379122547552807387e-01
1.418545973011432204e-01
1.407373717640839628e-01
1.375523013526994409e-01
1.355589307269734478e-01
1.338411320378526392e-01
1.288352987180511333e-01
1.257155181707221847e-01
1.224921145659944588e-01
1.178484371475630732e-01
1.167754828224884384e-01
1.114508674074490419e-01
1.079936043796585476e-01
1.098283874498818397e-01
1.052355969884463949e-01
1.098035744839006705e-01
1.113196033476147873e-01
1.145101887545166980e-01
1.143700328832097379e-01
1.175552697720711470e-01
1.160464807548446386e-01
1.142986084011712866e-01
1.128299920339294882e-01
1.079135053955772028e-01
1.043774422521138306e-01
1.008356660505936586e-01
9.725159885306225438e-02
9.616011279094111019e-02
9.476752120673490043e-02
9.179630406792106678e-02
8.995520730270398224e-02
8.891420010278248964e-02
8.506331970322339453e-02
8.510275922389978764e-02
8.128427928795803337e-02
7.502930264605130184e-02
7.713296558517594714e-02
7.388092729855792740e-02
7.597883282288891982e-02
7.644547572194820839e-02
8.133806191130474317e-02
8.717581034314955679e-02
9.094970848096557703e-02
9.309219480463845620e-02
9.602971254751964392e-02
9.601937546539708601e-02
9.491311587913411896e-02
9.373830473658192886e-02
9.158688183006763461e-02
8.600892325277101347e-02
8.046895254654443108e-02
7.571081426422117400e-02
6.808798309694551187e-02
6.293595052807356149e-02
5.887323742697976592e-02
5.752140125527737541e-02
6.027504228245622597e-02
6.432241066289109965e-02
6.640291692672871393e-02
7.947821966660513493e-02
8.082305325310139288e-02
8.450625761498414823e-02
8.758756327646230466e-02
9.442084919326214354e-02
1.015227730221516245e-01
1.060269843735371920e-01
1.099778857620233308e-01
1.136364079468339394e-01
1.165856681374474041e-01
1.158170358920390663e-01
1.099586461528525572e-01
1.084964317093629060e-01
1.075992116544401966e-01
1.042613794303551000e-01
1.038613116899300137e-01
1.018788761323991682e-01
9.926041974388216671e-02
9.952139495368458877e-02
9.498591147678646374e-02
9.656443229383160354e-02
9.905031754250298581e-02
9.617543390293836758e-02
1.038571588234779020e-01
1.073479985877216075e-01
1.096824093851184456e-01
1.115786931354454115e-01
1.191272529732254060e-01
1.207817817817119499e-01
1.220694397533028941e-01
1.250408643548418797e-01
1.285204366017066446e-01
1.281222363389719343e-01
1.287313810016118554e-01
1.263042843900635259e-01
1.230632262598219673e-01
1.200695317292363173e-01
1.169910944234933137e-01
1.141804412393812446e-01
1.086366072886167378e-01
1.032290451989191921e-01
1.029933207484193952e-01
9.678740675940526728e-02
9.387732518697664008e-02
9.716437690328344479e-02
9.444942374294906795e-02
9.968178310493455707e-02
1.019020654064691500e-01
1.036876800432485479e-01
1.015677334847731594e-01
1.033344016486177908e-01
1.039780388485961049e-01
1.031290918405822488e-01
1.042304084308250944e-01
1.063640716882266052e-01
1.049675681501747726e-01
9.904152743831193262e-02
9.296473155196049998e-02
9.040162295259064618e-02
8.689747816074344655e-02
8.569283836107531582e-02
8.650683422003971335e-02
8.736850895132318440e-02
8.536366679238112376e-02
8.728071848071322636e-02
8.440761825970148624e-02
8.158098458718630874e-02
8.176081827938815050e-02
8.078871595467246314e-02
8.580577203559268396e-02
9.033291495609405142e-02
9.677475911870152270e-02
1.007776834735104737e-01
1.037337863188000225e-01
1.049039669911930733e-01
1.063003097407781983e-01
1.082627915782057720e-01
1.094007535695632610e-01
1.064773258185994220e-01
1.040887112844289530e-01
9.829469100983934116e-02
9.379328509342840792e-02
8.958183548733125723e-02
8.586777449329788259e-02
8.425709214885324094e-02
8.483675258315755141e-02
8.479198199411026871e-02
9.142538921681703235e-02
9.535465885400976060e-02
9.798277529729164381e-02
1.087648115008743033e-01
1.122016141964219255e-01
1.163743191542344624e-01
1.191583959158421246e-01
1.238800222533918971e-01
1.267789543564589172e-01
1.299615287141713538e-01
1.335936415445141690e-01
1.369210503808019064e-01
1.402923251663694970e-01
1.402571608675292625e-01
1.370097181398851061e-01
1.348021199009135640e-01
1.323165999042554553e-01
1.288565218600071227e-01
1.298478203678099518e-01
1.266925694308413120e-01
1.262796275494233456e-01
1.282508792189238356e-01
1.249512357061465795e-01
1.253089401972932171e-01
1.254069192695988488e-01
1.238307023443211835e-01
1.277092366837494219e-01
1.307113992535889890e-01
1.358207180514438006e-01
1.394463311135448191e-01
1.467463047452815250e-01
1.503325082747796193e-01
1.512602384724409110e-01
1.501357856121829371e-01
1.512098280974070175e-01
1.520800001849509919e-01
1.495147171580078482e-01
1.484046486958563171e-01
1.473161819716493071e-01
1.437519662021458922e-01
1.406859596042300820e-01
1.392912329250790004e-01
1.348756855170743785e-01
1.314895151560799280e-01
1.304642026530579701e-01
1.273096582959368228e-01
1.284948607279747246e-01
1.281914271447665288e-01
1.274393920411771020e-01
1.348406626290059029e-01
1.352283909993776678e-01
1.373496703444090361e-01
1.393081302982721315e-01
1.405207929805560585e-01
1.402400712072920386e-01
1.382852051433182128e-01
1.354141671217423126e-01
1.338148124206263168e-01
1.359629471555007796e-01
1.320829115663132713e-01
1.252785013614701182e-01
1.244404046504404837e-01
1.231177802602650001e-01
1.200080562640901960e-01
1.210889893411354890e-01
1.228293014111590115e-01
1.236554471941439109e-01
1.259248118685987738e-01
1.245657031294063743e-01
1.269432177106327719e-01
1.278664615238377378e-01
1.231360166278305524e-01
1.283010937238716898e-01
1.301823028564610685e-01
1.328451953586728684e-01
1.372558983658692111e-01
1.446521618319099867e-01
1.458313002111204237e-01
1.446706603767804467e-01
1.449211474533625421e-01
1.446057398168993924e-01
1.417665994621907233e-01
1.412045849857972990e-01
1.363919573110922712e-01
1.324016719415658794e-01
1.295376087289593081e-01
1.249285479200323012e-01
1.234698390737764412e-01
1.222581940214606810e-01
1.218720505944146520e-01
1.271662118873295999e-01
1.281069444705651150e-01
1.305380541781097081e-01
1.385788738290146815e-01
1.377846677464296676e-01
1.431718377728087299e-01
1.457916951474623746e-01
1.485292404268870603e-01
1.517270264146762804e-01
1.537355411710223385e-01
1.528073581856342067e-01
1.503214510508011914e-01
1.485215929749668928e-01
1.472453974629250317e-01
1.447960073115059920e-01
1.450640166653425212e-01
1.436458143002136700e-01
1.411988834623808531e-01
1.418466567950653623e-01
1.361739079253219409e-01
1.351796673821757944e-01
1.333266972997176614e-01
1.302410187906512529e-01
1.312423857814236650e-01
1.316024101882960484e-01
1.321933124034484486e-01
1.382997265937011833e-01
1.400111107330613280e-01
1.436986652920632379e-01
1.461159655461969076e-01
1.498837855841518851e-01
1.538987214428015893e-01
1.560710799510888480e-01
1.546490087659754820e-01
1.530411374077594866e-01
1.523147469567379120e-01
1.507559997627891946e-01
1.477009875916184545e-01
1.472798358668948038e-01
1.455253791213027281e-01
1.435097393178725589e-01
1.424706627052542696e-01
1.397070080017528415e-01
1.379438462581665803e-01
1.367169664463281087e-01
1.322317349103985240e-01
1.351119406401408429e-01
1.338790718909698418e-01
1.327528997920798814e-01
1.389066752326332810e-01
1.389259711547819465e-01
1.383804007240235778e-01
1.383449215201896509e-01
1.408922163532538019e-01
1.416320668187001364e-01
1.397037662994464746e-01
1.381058752164163461e-01
1.362780174166169644e-01
1.339572292536187759e-01
1.339309868925171176e-01
1.301695852969160516e-01
1.290258696902442381e-01
1.281232498069892201e-01
1.267020780090203635e-01
1.259512828603586154e-01
1.223915760780901613e-01
1.214794888540602080e-01
1.232992593457412356e-01
1.207477027011298609e-01
1.223464245170670095e-01
1.255465905181487596e-01
1.255601644761414615e-01
1.303152012982211061e-01
1.323027162592824157e-01
1.340897377972360971e-01
1.333229886668025055e-01
1.354835033763172603e-01
1.376949467587340881e-01
1.368126083938546178e-01
1.360416055203754193e-01
1.368380654637954830e-01
1.337387154515333187e-01
1.277482581541561912e-01
1.206840676635349691e-01
1.177645440756336370e-01
1.135159411390046641e-01
1.105790044725807469e-01
1.128333953817498986e-01
1.125698057755784159e-01
1.133625903181400829e-01
1.189945683465306603e-01
1.207017740453851101e-01
1.238108481573235164e-01
1.277076329394057908e-01
1.306965651785337856e-01
1.367085732373271578e-01
1.375758454806249864e-01
1.393517678029825846e-01
1.406310022523621361e-01
1.404319538687819890e-01
1.411630234183527122e-01
1.402419501210166730e-01
1.384418152115197975e-01
1.378926197251608143e-01
1.372529109189863095e-01
1.380845154831431276e-01
1.357566198957878001e-01
1.380618866778830500e-01
1.406777020926901489e-01
1.366998098359869518e-01
1.374271145951897199e-01
1.352272904370713791e-01
1.327714421131360734e-01
1.332643914399569418e-01
1.337407065728531408e-01
1.376645770198666463e-01
1.456057863129974483e-01
1.506388312185001632e-01
1.587736705088204081e-01
1.606075971282748815e-01
1.607894066181314585e-01
1.617968466068953337e-01
1.623447385988781300e-01
1.621203449730362345e-01
1.625397312444367137e-01
1.635819481836261191e-01
1.636211796919105899e-01
1.599955537307093945e-01
1.587014823248371620e-01
1.534887796661822124e-01
1.520934735864297171e-01
1.530361475107802627e-01
1.505671312059846667e-01
1.511902223057313421e-01
1.511802139342441065e-01
1.488935183055807299e-01
1.517321073891065852e-01
1.476937359278407136e-01
1.457784323998929654e-01
1.460515270594910375e-01
1.455504994911569483e-01
1.472437139139010642e-01
1.489548194463000963e-01
1.510405963549866226e-01
1.523932711333572942e-01
1.514439932822871648e-01
1.486344427332192131e-01
1.472555151458462275e-01
1.462229489534817017e-01
1.445810445960688528e-01
1.391636364006066939e-01
1.387555692751024083e-01
1.337399899593275099e-01
1.315067549482582532e-01
1.318942609736031557e-01
1.303444302085805806e-01
1.320757491399782713e-01
1.354766155722545995e-01
1.364167482787267682e-01
1.405402764275781591e-01
1.412194385704128030e-01
1.419396771927347589e-01
1.460600865410139337e-01
1.465918783108186574e-01
1.495637349821595796e-01
1.512712587925975627e-01
1.521749711469127520e-01
1.524112856314341902e-01
1.511363762434191627e-01
1.468892155116828802e-01
1.460492477766607844e-01
1.475497543524589006e-01
1.485613912053532770e-01
1.447682388520236119e-01
1.452781179590955096e-01
1.432110286159993251e-01
1.404601806146242582e-01
1.441374561196543669e-01
1.460550213172337186e-01
1.493191264234901006e-01
1.535593357705642981e-01
1.561256485562958485e-01
1.618275687374025051e-01
1.651991728909479040e-01
1.661642954947933903e-01
1.715174535951494161e-01
1.746821084914975120e-01
1.760350223034725659e-01
1.797482729676183888e-01
1.849396112685765536e-01
1.858304033523767718e-01
1.841838949705502659e-01
1.814220288849237028e-01
1.798533664380612129e-01
1.790254811984976213e-01
1.849051833416580914e-01
1.850256397890487903e-01
1.879499786065306488e-01
1.898148984250445370e-01
1.856453066134947094e-01
1.843623255764350599e-01
1.798863602688473562e-01
1.786544931878802922e-01
1.805381851633018064e-01
1.802755881267986970e-01
1.848643426705021131e-01
1.928921587062704668e-01
1.956523993947865692e-01
1.990482761586180593e-01
2.001779146797455500e-01
1.994145057780998820e-01
1.985480379357307257e-01
2.002080639130805473e-01
1.999602833165466387e-01
1.963096933860812299e-01
1.926371033744387895e-01
1.916054057957350121e-01
1.884742051313822442e-01
1.854220832226542992e-01
1.807005563423755290e-01
1.795054404967514616e-01
1.785764761519442467e-01
1.753012347981451335e-01
1.777578962887408909e-01
1.752696670780694854e-01
1.733951046253734418e-01
1.743702189871636499e-01
1.715495375731436456e-01
1.693167370424054907e-01
1.658394165715614543e-01
1.622787192032059123e-01
1.596201592740941200e-01
1.572231000972592607e-01
1.574350970740077127e-01
1.590609316258416173e-01
1.603666990376966250e-01
1.616927641620611866e-01
1.617209540430587511e-01
1.603965737012690296e-01
1.600352868968223097e-01
1.572216291398339516e-01
1.571603231469800577e-01
1.527511958108595524e-01
1.538101393008192430e-01
1.553649086693213444e-01
1.539467399708108197e-01
1.561229041738264045e-01
1.570150014394804394e-01
1.570696422640705803e-01
1.587218488403162597e-01
1.592128091769068332e-01
1.615165504715505296e-01
1.665180169432883550e-01
1.680957344345375692e-01
1.720098991606820449e-01
1.713124667935730094e-01
1.704752362405078103e-01
1.707591087119944562e-01
1.702057206520088961e-01
1.692541513743759385e-01
1.686466562625479060e-01
1.674481605658613981e-01
1.670644020210699243e-01
1.635250977236888947e-01
1.677865098972486368e-01
1.684021437314892622e-01
1.702865586146318222e-01
1.753226789242081640e-01
1.742271926346276034e-01
1.768871696358882417e-01
1.787355840020274922e-01
1.797445969259367782e-01
1.818954993859944469e-01
1.854470348809756641e-01
1.878447149012538175e-01
1.909226154114435359e-01
1.908677506218531827e-01
1.920704599511386945e-01
1.895075229659963223e-01
1.895831590201226824e-01
1.911238013930765534e-01
1.926594161369464542e-01
1.918654381383099738e-01
1.929186292050900642e-01
1.918400650924366180e-01
1.936528935391723383e-01
1.896694317963336929e-01
1.932835892950375556e-01
1.905200807944188446e-01
1.890981614314975467e-01
1.894099576004396324e-01
1.845334251698070860e-01
1.845149330222541906e-01
1.856641370047653616e-01
1.838138665185735376e-01
1.849477014716090495e-01
1.856024687502241255e-01
1.879852990019154346e-01
1.908484542352126001e-01
1.909887319144428497e-01
1.905021872996373322e-01
1.887653445305151889e-01
1.874876419607811040e-01
1.870389232794249790e-01
1.845299675334002298e-01
1.774856479183924418e-01
1.747323112727241778e-01
1.717798229555958789e-01
1.697210370430918547e-01
1.627343607196662378e-01
1.659381761577591596e-01
1.652706442642505880e-01
1.633049145467909691e-01
1.672871064357254745e-01
1.661302242948755614e-01
1.652161805960198349e-01
1.628934172806744685e-01
1.580651019643984911e-01
1.562818562020392155e-01
1.526656354623828760e-01
1.513842830811342466e-01
1.543927552060294917e-01
1.553164790160315722e-01
1.538211840694541088e-01
1.545619712450281291e-01
1.562213509080229434e-01
1.565695726545147104e-01
1.578826102464140346e-01
1.591807570161634933e-01
1.596239191923931044e-01
1.580426214622372982e-01
1.606959095102468149e-01
1.524861272839454773e-01
1.530934453061366940e-01
1.549453927642393258e-01
1.546860212832962267e-01
1.570156417886167111e-01
1.597507091493340359e-01
1.628992135831544563e-01
1.675043401277511168e-01
1.674478154902896421e-01
1.702490093644133673e-01
1.730267649996183876e-01
1.732054042737528332e-01
1.750553635558285137e-01
1.761651640425431764e-01
1.747900039189589361e-01
1.730917032037423975e-01
1.723984969701019276e-01
1.698733929407686416e-01
1.674685771096588172e-01
1.665488367724573815e-01
1.685728130912251821e-01
1.675617251166937882e-01
1.759669439760344622e-01
1.771778982517972223e-01
1.803110922636768088e-01
1.838740085881976627e-01
1.816866883256542109e-01
1.844602341740703144e-01
1.854276922788790083e-01
1.871178787689291023e-01
1.902236460118309491e-01
1.925578186183599383e-01
1.939785130928949330e-01
1.969068806482358325e-01
1.994199094171545950e-01
2.007953563914114392e-01
2.010917157488220641e-01
2.018379186895045141e-01
2.018837551780207629e-01
2.028550402440758571e-01
1.997648841451402368e-01
2.013711826278441475e-01
